0.00097425 
0.0011013  
0.00130005 
0.00158554 
0.00197147 
0.00246985
0.00309068 
0.00384161 
0.00472774 
0.00575135 
0.00691181 
0.00820548
0.00962565 
0.01116264 
0.01280388 
0.01453409 
0.01633552 
0.01818821
0.02007037 
0.02195877 
0.02382911 
0.02565651 
0.027416   
0.02908293
0.03063348 
0.03204515 
0.03329715 
0.03437082 
0.03525002 
0.03592144
0.03637484 
0.03660329 
0.03660329 
0.03637484 
0.03592144 
0.03525002
0.03437082 
0.03329715 
0.03204515 
0.03063348 
0.02908293 
0.027416
0.02565651 
0.02382911 
0.02195877 
0.02007037 
0.01818821 
0.01633552
0.01453409 
0.01280388 
0.01116264 
0.00962565 
0.00820548 
0.00691181
0.00575135 
0.00472774 
0.00384161 
0.00309068 
0.00246985 
0.00197147
0.00158554 
0.00130005 
0.0011013  
0.0009742