0000000000001111
0000000000010010
0000000000010101
0000000000011001
0000000000100000
0000000000101000
0000000000110010
0000000000111110
0000000001001101
0000000001011110
0000000001110001
0000000010000110
0000000010011101
0000000010110110
0000000011010001
0000000011101110
0000000100001011
0000000100101001
0000000101001000
0000000101100111
0000000110000110
0000000110100100
0000000111000001
0000000111011100
0000000111110101
0000001000001101
0000001000100001
0000001000110011
0000001001000001
0000001001001100
0000001001010011
0000001001010111
0000001001010111
0000001001010011
0000001001001100
0000001001000001
0000001000110011
0000001000100001
0000001000001101
0000000111110101
0000000111011100
0000000111000001
0000000110100100
0000000110000110
0000000101100111
0000000101001000
0000000100101001
0000000100001011
0000000011101110
0000000011010001
0000000010110110
0000000010011101
0000000010000110
0000000001110001
0000000001011110
0000000001001101
0000000000111110
0000000000110010
0000000000101000
0000000000100000
0000000000011001
0000000000010101
0000000000010010
0000000000001111
